# depth,n_estimators,N_rate,err_rate,tf,tf_inf
5 10 0.050 0.10085 71.186 22.277
5 10 0.100 0.09876 146.041 22.125
10 10 0.050 0.03289 117.978 33.507
10 10 0.100 0.03198 245.158 33.654
15 10 0.050 0.01233 136.194 48.469
15 10 0.100 0.01170 292.784 48.155
5 25 0.050 0.09767 174.211 54.658
5 25 0.100 0.09817 359.709 54.681
10 25 0.050 0.03041 293.619 82.895
10 25 0.100 0.03040 619.953 82.765
15 25 0.050 0.01126 339.452 118.741
15 25 0.100 0.01056 745.257 121.781
5 50 0.050 0.09670 346.392 107.958
5 50 0.100 0.09615 722.177 108.540
10 50 0.050 0.02941 589.959 166.494
10 50 0.100 0.02948 1262.890 166.761
15 50 0.050 0.01068 685.282 235.508
15 50 0.100 0.01023 1494.415 241.825
5 10 0.200 0.09780 285.757 22.229
10 10 0.200 0.03276 510.491 34.011
15 10 0.200 0.01160 615.810 49.822
5 25 0.200 0.09700 709.129 54.714
10 25 0.200 0.03098 1293.114 84.065
15 25 0.200 0.01042 1554.972 122.699
5 50 0.200 0.09742 1409.324 107.644
10 50 0.200 0.02966 2551.719 168.325
15 50 0.200 0.01000 2981.182 243.057
