10 10 0.050 0.01947 19.060 6.646
10 10 0.100 0.02102 38.542 6.768
15 10 0.050 0.00936 25.386 11.102
15 10 0.100 0.00867 50.944 11.652
5 25 0.050 0.03260 32.039 6.206
5 25 0.100 0.03016 62.305 5.441
10 25 0.050 0.01161 47.979 13.182
10 25 0.100 0.01146 97.433 13.397
15 25 0.050 0.00782 64.793 26.878
15 25 0.100 0.00699 129.190 28.005
5 50 0.050 0.01988 61.595 9.987
5 50 0.100 0.01903 123.679 9.466
10 50 0.050 0.00877 94.277 25.082
10 50 0.100 0.00803 193.584 24.597
15 50 0.050 0.00773 116.956 48.983
5 10 0.200 0.06652 34.161 2.926
10 10 0.200 0.01971 49.354 5.312
15 10 0.200 0.00834 63.931 9.811
5 25 0.200 0.03184 82.078 4.923
10 25 0.200 0.01131 122.292 11.179
15 25 0.200 0.00636 163.112 23.680
5 50 0.200 0.01910 158.720 8.165
10 50 0.200 0.00794 242.722 21.121
15 50 0.200 0.00598 304.606 44.263
5 10 0.050 0.07362 7.634 3.083
5 10 0.100 0.07095 16.906 3.188
15 50 0.100 0.00672 151.038 43.343
